[image4.jpg]
filters=Border=1,0.000000,0.000000,29.824560,ffe8e8e8,fff3f8ff,0.000000;
moddate=00004feea9d30000
width=1550
height=920
textactive=0
