[image4.jpg]
filters=Border=1,0.000000,0.000000,36.257309,fffefefe,00ffffff,0.000000;
moddate=0000cff6a9d30000
width=1550
height=920
textactive=0
